City_ID,City,Lat,Lng,Max Temp,Humidity,Cloudiness,Wind Speed,Country,Date
0,waitangi,-43.9535,-176.5597,293.05,94,100,1.79,NZ,1705823781
1,araripe,-7.2125,-40.0461,293.41,91,96,2.59,BR,1705823912
2,edinburgh of the seven seas,-37.0676,-12.3116,289.89,77,13,4.27,SH,1705823782
3,papatowai,-46.5619,169.4708,288.24,82,100,4.89,NZ,1705823788
4,silale,55.4906,22.1814,267.82,98,100,4.07,LT,1705823913
5,esmeraldas,-19.7625,-44.3139,297.32,96,100,0.78,BR,1705823913
6,tynda,55.1667,124.7167,245.82,88,98,1.19,RU,1705823914
7,utrik,11.2278,169.8474,299.67,79,84,9.01,MH,1705823832
8,grytviken,-54.2811,-36.5092,275.37,90,26,4.37,GS,1705823774
9,albany,42.6001,-73.9662,262.95,74,33,1.79,US,1705823775
10,pangkalpinang,-2.1333,106.1333,302.12,72,100,2.5,ID,1705823915
11,yellowknife,62.456,-114.3525,248.44,77,75,2.57,CA,1705823782
12,kodiak,57.79,-152.4072,273.88,100,100,1.54,US,1705823797
13,thompson,55.7435,-97.8558,258.24,85,100,1.54,CA,1705823780
14,chibougamau,49.9168,-74.3659,253.94,84,100,3.6,CA,1705823917
15,baruun-urt,46.6806,113.2792,248.9,92,21,2.67,MN,1705823917
16,port-aux-francais,-49.35,70.2167,280.23,83,75,9.01,TF,1705823778
17,panjab,34.388,67.0233,275.26,17,0,1.25,AF,1705823918
18,aldinga beach,-35.2793,138.4604,298.95,60,0,7.89,AU,1705823918
19,ixtapa,20.7,-105.2,295.5,87,6,1.57,MX,1705823918
20,moose jaw,50.4001,-105.5344,257.29,85,63,2.06,CA,1705823711
21,vadso,70.0744,29.7487,262.24,79,100,5.14,NO,1705823836
22,bubaque,11.2833,-15.8333,297.87,70,70,6.36,GW,1705823919
23,machico,32.7,-16.7667,289.5,78,20,4.12,PT,1705823885
24,whitehorse,60.7161,-135.0538,253.58,84,100,3.6,CA,1705823822
25,colonia,50.9333,6.95,274.98,69,0,4.63,DE,1705823878
26,kirakira,-10.4544,161.9205,299.96,89,100,3.56,SB,1705823839
27,greymouth,-42.4667,171.2,291.74,68,100,1.08,NZ,1705823796
28,hamilton,39.1834,-84.5333,261.53,78,0,2.68,US,1705823743
29,ribeira grande,38.5167,-28.7,291.37,94,75,8.75,PT,1705823779
30,melfort,52.8667,-104.6177,259.22,72,100,1.54,CA,1705823922
31,harper,4.375,-7.7169,299.85,84,10,1.33,LR,1705823923
32,kenora,49.8167,-94.4337,259.69,72,75,6.71,CA,1705823923
33,vila franca do campo,37.7167,-25.4333,291.42,99,83,6.86,PT,1705823882
34,san patricio,28.017,-97.5169,282.06,60,100,4.71,US,1705823800
35,adamstown,-25.066,-130.1015,297.58,85,71,5.55,PN,1705823774
36,flying fish cove,-10.4217,105.6791,302.97,74,75,4.12,CX,1705823859
37,nar'yan-mar,67.6713,53.087,256.54,97,55,5.36,RU,1705823829
38,zhuanghe,39.7008,122.9911,262.5,67,18,5.93,CN,1705823925
39,urbana,40.1106,-88.2073,256.2,78,0,0.0,US,1705823693
40,west island,-12.1568,96.8225,303.14,79,40,4.63,CC,1705823780
41,mejit,10.2753,170.8646,299.69,80,67,9.21,MH,1705823814
42,egilsstadir,65.2653,-14.3948,269.1,80,0,1.54,IS,1705823895
43,iqaluit,63.7506,-68.5145,262.0,62,100,4.63,CA,1705823719
44,carnarvon,-24.8667,113.6333,301.04,64,10,12.29,AU,1705823791
45,queenstown,-31.8976,26.8753,303.34,19,6,1.61,ZA,1705823927
46,sangkhla buri,15.1555,98.4536,306.92,13,33,2.19,TH,1705823927
47,blackmans bay,-43.0167,147.3167,288.22,88,100,0.45,AU,1705823781
48,shalqar,47.8333,59.6,266.51,76,100,6.84,KZ,1705823928
49,wailua homesteads,22.0669,-159.378,296.39,85,0,2.06,US,1705823804
50,sretensk,52.2453,117.7093,246.33,96,25,1.09,RU,1705823928
51,puerto natales,-51.7236,-72.4875,282.83,83,100,3.25,CL,1705823794
52,san andres,12.5847,-81.7006,301.16,78,20,6.69,CO,1705823914
53,hun,29.1268,15.9477,287.04,78,94,6.01,LY,1705823929
54,bengkulu,-3.8004,102.2655,302.49,63,63,3.37,ID,1705823872
55,bilibino,68.0546,166.4372,251.89,95,100,1.37,RU,1705823792
56,komsomol'sk,49.0097,33.6455,272.16,91,100,3.09,UA,1705823930
57,sredets,42.3475,27.179,273.21,76,41,3.28,BG,1705823931
58,sungjibaegam,41.2428,128.7989,262.11,94,100,2.97,KP,1705823931
59,broken hill,-31.95,141.4333,304.75,21,0,7.24,AU,1705823735
60,christchurch,-43.5333,172.6333,293.45,78,4,4.63,NZ,1705823932
61,mount pleasant,32.7941,-79.8626,270.93,50,0,4.47,US,1705823932
62,santarem,-2.4431,-54.7083,300.22,89,40,2.57,BR,1705823933
63,bathsheba,13.2167,-59.5167,299.49,73,20,6.17,BB,1705823933
64,enewetak,11.3474,162.3373,299.59,76,100,11.49,MH,1705823811
65,college,64.8569,-147.8028,251.14,64,0,3.6,US,1705823863
66,badger,64.8,-147.5333,251.1,64,0,3.6,US,1705823782
67,ust-nera,64.5667,143.2,234.26,99,100,2.89,RU,1705823934
68,grimstad,58.3405,8.5934,277.1,86,100,10.29,NO,1705823935
69,arteche,12.2645,125.4048,300.46,79,9,4.13,PH,1705823867
70,dryden,49.7833,-92.7503,258.31,72,100,6.69,CA,1705823903
71,lihue,21.9789,-159.3672,296.73,84,0,2.06,US,1705823821
72,nema,57.5067,50.5011,266.81,96,100,5.01,RU,1705823930
73,seen (kreis 3),47.4765,8.77,270.23,85,40,2.06,CH,1705823936
74,rongelap,11.1635,166.8941,299.66,78,92,10.01,MH,1705823870
75,kuta,-8.7233,115.1723,304.12,70,20,8.94,ID,1705823937
76,puerto ayora,-0.7393,-90.3518,298.46,97,45,1.92,EC,1705823815
77,longyearbyen,78.2186,15.6401,257.06,72,75,3.6,SJ,1705823803
78,nantucket,41.2835,-70.0995,267.12,73,100,8.23,US,1705823842
79,gadzhiyevo,69.2551,33.3362,253.15,99,31,5.45,RU,1705823826
80,berezovyy,51.6667,135.7,247.04,98,82,0.52,RU,1705823939
81,arraial do cabo,-22.9661,-42.0278,299.07,89,100,6.17,BR,1705823834
82,petropavlovsk-kamchatsky,53.0452,158.6483,267.48,93,0,2.0,RU,1705823939
83,bel ombre,-4.6167,55.4167,302.06,65,40,5.14,SC,1705823847
84,dwarka,22.2394,68.9678,298.23,36,100,3.78,IN,1705823940
85,eyl,7.9803,49.8164,301.87,53,20,11.66,SO,1705823940
86,tilcara,-23.5776,-65.3509,284.15,93,100,1.51,AR,1705823941
87,sao felix do xingu,-6.6447,-51.995,295.35,98,40,0.35,BR,1705823941
88,tiksi,71.6872,128.8694,242.23,92,100,4.54,RU,1705823804
89,bamboo flat,11.7,92.7167,303.2,51,20,5.66,IN,1705823942
90,kyzylorda,44.8528,65.5092,269.16,46,0,9.0,KZ,1705823942
91,sinabang,2.4803,96.3801,301.73,74,42,1.41,ID,1705823942
92,jamestown,42.097,-79.2353,267.92,83,100,5.14,US,1705823586
93,dhuusamarreeb,5.535,46.3861,303.89,31,26,11.8,SO,1705823943
94,yicheng,31.3705,119.8703,276.99,75,100,5.75,CN,1705823943
95,ushuaia,-54.8,-68.3,283.96,71,0,4.12,AR,1705823787
96,hawaiian paradise park,19.5933,-154.9731,294.28,89,0,1.54,US,1705823784
97,zhangye,38.9342,100.4517,266.03,35,0,0.53,CN,1705823944
98,malabar,-33.9667,151.25,312.13,45,0,8.23,AU,1705823945
99,chotila,22.4167,71.1833,298.81,20,95,4.35,IN,1705823945
100,st. john's,47.5649,-52.7093,270.68,94,100,3.6,CA,1705823838
101,mount isa,-20.7333,139.5,305.02,66,40,3.6,AU,1705823894
102,avarua,-21.2078,-159.775,298.18,73,20,3.09,CK,1705823786
103,banda aceh,5.5577,95.3222,302.21,68,95,7.02,ID,1705823947
104,qaqortoq,60.7167,-46.0333,255.64,62,0,3.54,GL,1705823803
105,qina,26.1642,32.7267,295.38,22,72,0.47,EG,1705823947
106,puerto baquerizo moreno,-0.9,-89.6,297.78,91,38,2.67,EC,1705823948
107,kearney,40.6995,-99.0815,260.46,80,0,7.72,US,1705823948
108,klyuchi,52.2667,79.1667,260.6,83,5,1.63,RU,1705823870
109,aleg,17.0481,-13.9209,294.96,49,100,3.34,MR,1705823949
110,ilulissat,69.2167,-51.1,255.16,65,97,10.29,GL,1705823797
111,nova vicosa,-17.8919,-39.3719,299.11,85,100,3.26,BR,1705823949
112,kawerau,-38.1,176.7,295.98,94,99,1.34,NZ,1705823950
113,afaahiti,-17.75,-149.2833,295.08,86,100,3.89,PF,1705823810
114,bethel,41.3712,-73.414,265.38,69,0,2.06,US,1705823783
115,guerrero negro,27.9769,-114.0611,289.23,83,95,3.91,MX,1705823822
116,khetia,21.6667,74.5833,299.56,17,47,3.38,IN,1705823951
117,mount gambier,-37.8333,140.7667,291.31,61,9,4.84,AU,1705823871
118,uturoa,-16.7333,-151.4333,299.27,82,100,4.97,PF,1705823786
119,jabor,5.921,169.6434,301.09,81,100,7.7,MH,1705823952
120,hobyo,5.3505,48.5268,301.01,63,99,12.5,SO,1705823953
121,bonito,-21.1211,-56.4819,296.26,87,76,0.84,BR,1705823953
122,nogliki,51.8333,143.1667,246.12,97,15,1.34,RU,1705823932
123,magdagachi,53.45,125.8,245.66,94,20,0.69,RU,1705823954
124,aasiaat,68.7098,-52.8699,246.97,98,95,3.88,GL,1705823779
125,waddan,29.1614,16.139,287.1,78,95,6.39,LY,1705823954
126,necochea,-38.5473,-58.7368,285.41,84,0,4.47,AR,1705823955
127,fort bragg,35.139,-79.006,267.7,47,0,4.63,US,1705823841
128,halifax,44.6453,-63.5724,270.1,91,100,1.79,CA,1705823718
129,birobidzhan,48.8,132.95,251.94,90,100,0.29,RU,1705823956
130,kokopo,-4.352,152.2633,300.93,79,100,5.02,PG,1705823956
131,mawlaik,23.6333,94.4167,300.7,25,8,1.0,MM,1705823957
132,lompoc,34.6391,-120.4579,286.55,88,100,3.6,US,1705823827
133,beypore,11.1833,75.8167,304.73,51,20,1.03,IN,1705823957
134,kingston,17.997,-76.7936,298.68,92,20,2.57,JM,1705823756
135,lae,-6.7221,146.9847,304.52,78,100,1.92,PG,1705823958
136,margaret river,-33.95,115.0667,295.54,68,2,6.7,AU,1705823776
137,aldan,58.6031,125.3894,250.29,96,100,2.62,RU,1705823959
138,inarajan village,13.2736,144.7484,302.69,75,62,10.22,GU,1705823959
139,stanley,54.868,-1.6985,278.86,89,0,2.57,GB,1705823838
140,es castell,39.8795,4.2854,280.53,70,75,3.09,ES,1705823960
141,port alfred,-33.5906,26.891,298.73,64,15,3.64,ZA,1705823813
142,bac lieu,9.285,105.7244,301.41,61,87,7.03,VN,1705823960
143,sao joao da barra,-21.6403,-41.0511,297.17,94,100,3.01,BR,1705823961
144,murghob,38.1702,73.9667,261.96,49,0,1.76,TJ,1705823961
145,chonchi,-42.6128,-73.8092,284.88,96,14,2.32,CL,1705823806
146,praia da vitoria,38.7333,-27.0667,291.29,88,40,9.98,PT,1705823962
147,kapuskasing,49.4169,-82.4331,253.2,77,0,2.57,CA,1705823811
148,kenai,60.5544,-151.2583,264.18,53,0,5.66,US,1705823962
149,chui,-33.6971,-53.4616,290.5,76,0,3.08,UY,1705823963
150,olonkinbyen,70.9221,-8.7187,273.71,96,100,6.18,SJ,1705823789
151,homer,59.6425,-151.5483,271.08,59,0,0.0,US,1705823963
152,fale old settlement,-9.3852,-171.2468,302.66,71,43,5.17,TK,1705823848
153,agnita,45.9667,24.6167,268.02,66,7,1.01,RO,1705823964
154,alice springs,-23.7,133.8833,308.9,35,40,4.92,AU,1705823792
155,lianzhou,24.7811,112.3825,284.37,67,66,3.94,CN,1705823965
156,tera,14.0078,0.7531,294.64,12,50,4.2,NE,1705823965
157,podporozh'ye,60.9112,34.1706,255.1,100,100,1.91,RU,1705823966
158,punta del este,-34.9667,-54.95,293.64,76,20,2.24,UY,1705823966
159,saipan,15.1355,145.701,300.54,61,20,9.26,MP,1705823827
160,kerikeri,-35.2268,173.9474,293.74,87,21,3.84,NZ,1705823967
161,la foa,-21.7108,165.8276,301.02,75,100,2.8,NC,1705823967
162,alaghsas,17.0187,8.0168,290.09,17,0,4.12,NE,1705823967
163,boguchany,58.3814,97.4531,254.74,92,99,1.34,RU,1705823968
164,bedesa,8.9,40.7833,295.3,35,90,3.5,ET,1705823968
165,san luis de la loma,17.2706,-100.8939,298.24,68,86,1.69,MX,1705823940
166,borshchiv,48.8033,26.0435,272.61,84,64,7.13,UA,1705823969
167,labuan,5.2767,115.2417,302.35,74,20,2.68,MY,1705823969
168,wenatchee,47.4235,-120.3103,276.96,96,100,0.0,US,1705823752
169,atafu village,-8.5421,-172.5159,302.74,73,55,5.96,TK,1705823891
170,isafjordur,66.0755,-23.124,267.33,88,100,5.35,IS,1705823785
171,douentza,14.9951,-2.9517,295.89,10,7,1.06,ML,1705823950
172,tolanaro,-25.0319,46.9987,298.19,94,75,4.12,MG,1705823809
173,lionel town,17.8101,-77.2406,299.09,88,1,1.93,JM,1705823971
174,westport,41.1415,-73.3579,266.9,65,0,4.63,US,1705823805
175,east london,-33.0153,27.9116,299.67,65,0,2.06,ZA,1705823672
176,xai-xai,-25.0519,33.6442,299.38,66,43,4.98,MZ,1705823972
177,tempoal de sanchez,21.5167,-98.3833,286.11,72,100,1.43,MX,1705823972
178,hermanus,-34.4187,19.2345,295.67,70,64,2.24,ZA,1705823935
179,belmonte,-15.8631,-38.8828,299.25,89,92,4.75,BR,1705823952
180,bovalino,38.149,16.174,284.45,72,59,3.97,IT,1705823973
181,igrim,63.1906,64.4162,269.55,96,100,3.56,RU,1705823973
182,acapulco de juarez,16.8634,-99.8901,298.08,76,96,1.99,MX,1705823858
183,wynyard,-41.0,145.7167,291.97,56,0,6.48,AU,1705823974
184,tazovsky,67.4667,78.7,264.19,94,100,4.65,RU,1705823845
185,nafplio,37.5683,22.8053,281.1,80,100,7.35,GR,1705823975
186,camamu,-13.9447,-39.1039,296.37,97,99,1.93,BR,1705823975
187,gubat,12.9206,124.1231,300.78,77,59,4.15,PH,1705823976
188,mirnyy,62.5353,113.9611,253.28,76,100,5.81,RU,1705823976
189,bredasdorp,-34.5322,20.0403,299.2,52,15,4.38,ZA,1705823848
190,invercargill,-46.4,168.35,288.21,87,100,3.26,NZ,1705823791
191,igarka,67.4667,86.5833,261.87,95,100,8.35,RU,1705823977
192,ebon,4.582,168.6964,301.18,81,100,5.8,MH,1705823977
193,udachny,66.4167,112.4,259.51,84,100,7.04,RU,1705823777
194,vorgashor,67.5833,63.95,254.97,99,100,4.02,RU,1705823877
195,kayangel,8.0823,134.7173,301.17,77,55,10.34,PW,1705823978
196,bella union,-30.2752,-57.6007,292.16,90,2,4.42,UY,1705823979
197,wenchang,30.904,118.4887,276.76,85,100,3.18,CN,1705823979
198,selkirk,50.1436,-96.8845,259.92,81,100,5.81,CA,1705823979
199,happy valley-goose bay,53.3168,-60.3315,265.32,67,75,3.09,CA,1705823883
200,thinadhoo,0.5333,72.9333,301.29,72,10,5.43,MV,1705823980
201,waat,51.1454,6.4958,276.23,73,0,5.14,DE,1705823981
202,taoudenni,22.6783,-3.9836,294.39,10,9,2.48,ML,1705823824
203,waingapu,-9.6567,120.2641,305.21,51,100,8.22,ID,1705823957
204,punta arenas,-53.15,-70.9167,285.21,71,75,10.29,CL,1705823641
205,touros,-5.1989,-35.4608,299.32,80,8,3.38,BR,1705823758
206,ringkobing,56.0901,8.244,275.38,69,75,13.07,DK,1705823982
207,tsiombe,-25.3,45.4833,299.74,70,100,7.15,MG,1705823890
208,iskateley,67.6803,53.1512,256.49,97,59,5.36,RU,1705823809
209,la'ie,21.6477,-157.9253,298.13,86,15,1.54,US,1705823802
210,nadi,-17.8,177.4167,300.15,83,75,2.57,FJ,1705823983
211,kani keli,-12.9536,45.1033,299.74,80,100,8.85,YT,1705823984
212,childress,34.4264,-100.204,268.11,43,100,4.68,US,1705823984
213,chom thong,18.4174,98.6743,307.09,13,18,1.67,TH,1705823984
214,anloga,5.7947,0.8973,300.79,81,7,2.42,GH,1705823985
215,bend,44.0582,-121.3153,278.07,92,0,2.24,US,1705823780
216,dudinka,69.4058,86.1778,259.61,94,100,8.71,RU,1705823817
217,markovo,57.3206,107.0881,255.72,95,36,1.17,RU,1705823986
218,anadyr,64.75,177.4833,260.43,92,75,2.0,RU,1705823824
219,lerwick,60.1545,-1.1494,280.15,78,85,12.28,GB,1705823911
220,papao,-17.75,-149.55,295.97,72,100,2.72,PF,1705823866
221,talnakh,69.4865,88.3972,259.38,96,100,4.71,RU,1705823792
222,manokwari,-0.8667,134.0833,299.91,85,99,2.39,ID,1705823988
223,valle de la pascua,9.2155,-66.0073,296.49,75,3,3.1,VE,1705823988
224,west plains,36.7281,-91.8524,261.46,67,5,1.34,US,1705823988
225,selfoss,63.9331,-20.9971,268.17,96,60,3.32,IS,1705823816
226,leava,-14.3,-178.1667,302.24,72,100,0.53,WF,1705823989
227,nishinoomote,30.7333,131.0,291.46,77,20,6.17,JP,1705823835
228,blenod-les-pont-a-mousson,48.8849,6.0484,273.72,87,0,7.72,FR,1705823990
229,cockburn town,21.4612,-71.1419,298.19,76,0,0.7,TC,1705823884
230,kourou,5.1552,-52.6478,300.18,86,54,5.05,GF,1705823990
231,ban dan lan hoi,17.0068,99.575,304.96,16,43,2.24,TH,1705823991
232,bredy,52.4153,60.3411,265.05,79,100,7.22,RU,1705823991
233,lagoa,39.05,-27.9833,290.36,90,100,15.58,PT,1705823967
234,erdenet,49.0333,104.0833,255.89,82,100,1.65,MN,1705823992
235,zvishavane,-20.3267,30.0665,294.35,63,60,2.99,ZW,1705823992
236,nyandoma,61.669,40.1991,249.1,100,100,2.03,RU,1705823992
237,kidal,18.4411,1.4078,295.35,8,56,3.69,ML,1705823847
238,cabedelo,-6.9811,-34.8339,299.52,78,10,3.53,BR,1705823993
239,buka,40.8108,69.1986,281.73,46,0,1.2,UZ,1705823963
240,usinsk,65.9939,57.5281,254.99,96,100,2.87,RU,1705823994
241,yung shue wan,22.2333,114.1167,295.16,63,2,3.67,HK,1705823994
242,bibir hat,22.6873,91.7853,297.1,30,55,3.11,BD,1705823994
243,juneau,58.3019,-134.4197,267.27,100,100,3.52,US,1705823995
244,duba,27.3513,35.6901,298.6,31,80,0.99,SA,1705823995
245,gejiu,23.306,103.1635,287.65,54,27,4.41,CN,1705823995
246,cruzeiro do sul,-29.5128,-51.9853,295.11,92,78,1.48,BR,1705823996
247,padang,-0.9492,100.3543,305.18,77,93,2.9,ID,1705823996
248,playa del ingles,27.7567,-15.5787,291.01,60,32,1.34,ES,1705823888
249,georgetown,5.4112,100.3354,305.11,66,20,4.12,MY,1705823664
250,boyolangu,-8.1181,111.8935,302.99,67,18,6.03,ID,1705823699
251,gasa,31.5,34.4667,293.97,39,99,3.73,PS,1705823998
252,gaspe,48.8334,-64.4819,270.1,93,100,2.57,CA,1705823907
253,qingdao,36.0986,120.3719,269.93,63,75,9.0,CN,1705823998
254,severo-yeniseyskiy,60.3725,93.0408,257.36,90,98,1.79,RU,1705823999
255,trairi,-3.2778,-39.2689,298.93,87,6,2.84,BR,1705823864
256,cabo san lucas,22.8909,-109.9124,295.66,84,98,3.58,MX,1705823878
257,kharp,66.8014,65.8081,258.32,90,100,2.82,RU,1705823880
258,pangkalanbuun,-2.6833,111.6167,301.97,74,100,2.3,ID,1705824000
259,say,13.1007,2.3689,292.46,13,0,4.96,NE,1705824001
260,cabral,18.25,-71.2167,295.52,91,17,1.34,DO,1705824002
261,san antonio de pale,-1.4014,5.6325,300.38,78,18,1.72,GQ,1705823806
262,tura,25.5198,90.2201,295.01,30,4,2.55,IN,1705823812
263,richards bay,-28.783,32.0377,300.28,43,0,2.86,ZA,1705824004
264,carutapera,-1.195,-46.02,300.88,79,27,6.03,BR,1705824005
265,tabasco,18.0,-92.6667,296.52,95,100,2.71,MX,1705824006
266,kapa'a,22.0752,-159.319,297.14,84,0,2.06,US,1705823846
267,sept-iles,50.2001,-66.3821,267.15,72,100,3.09,CA,1705824007
268,quila,24.4228,-107.22,292.2,37,92,2.09,MX,1705824007
269,albertina,-22.2008,-46.6158,291.12,98,97,1.21,BR,1705824008
270,bandarbeyla,9.4942,50.8122,299.8,63,52,10.34,SO,1705823854
271,port mathurin,-19.6833,63.4167,301.06,78,13,3.54,MU,1705823830
272,betare oya,5.6,14.0833,300.88,14,6,1.63,CM,1705824009
273,hasaki,35.7333,140.8333,284.42,80,68,12.33,JP,1705823795
274,labrador city,52.9463,-66.9114,254.1,84,75,4.63,CA,1705823852
275,betio village,1.358,172.9211,303.17,76,57,5.71,KI,1705824010
276,ingeniero jacobacci,-41.3427,-69.5448,290.02,24,0,1.29,AR,1705824010
277,newman,37.3138,-121.0208,284.83,94,100,0.89,US,1705823851
278,zhaqsy,51.9083,67.3133,259.13,90,100,6.17,KZ,1705824011
279,san julian,21.0167,-102.1667,285.6,67,100,1.84,MX,1705823817
280,santangpu,27.3987,111.9928,275.84,97,100,3.0,CN,1705824012
281,sao vicente,-23.9631,-46.3919,299.25,26,100,0.89,BR,1705824013
282,erenhot,43.6475,111.9767,255.46,83,35,3.32,CN,1705824013
283,luwuk,-0.9516,122.7875,298.85,86,100,3.9,ID,1705824014
284,kavaratti,10.5669,72.642,301.29,75,59,5.11,IN,1705823902
285,shimoda,34.6667,138.95,286.35,86,61,5.02,JP,1705824014
286,viqueque,-8.8673,126.3658,303.39,72,77,3.43,TL,1705824015
287,port elizabeth,-33.918,25.5701,302.65,84,40,9.26,ZA,1705823775
288,yaren,-0.5472,166.916,302.73,77,100,5.88,NR,1705824016
289,hermiston,45.8404,-119.2895,272.66,91,100,1.54,US,1705824003
290,mumford,5.2618,-0.759,301.29,79,18,1.09,GH,1705824016
291,murudeshwara,14.0943,74.4845,299.66,69,4,5.47,IN,1705824017
292,salekhard,66.53,66.6019,255.59,91,100,1.92,RU,1705824017
293,imbituba,-28.24,-48.6703,296.96,99,31,1.52,BR,1705824018
294,qashyr,53.0675,76.1036,258.72,87,5,2.03,KZ,1705824018
295,pecquencourt,50.3785,3.2128,275.37,77,100,8.51,FR,1705823783
296,port lincoln,-34.7333,135.8667,292.21,65,0,8.15,AU,1705823953
297,puerto carreno,6.189,-67.4859,299.35,52,6,3.26,CO,1705824019
298,nemuro,43.3236,145.575,270.36,64,100,6.83,JP,1705823825
299,uyskoye,54.3775,60.0047,264.55,78,94,7.57,RU,1705824020
300,mildura,-34.2,142.15,303.75,31,0,7.8,AU,1705824021
301,alcantara,-2.4089,-44.4147,299.26,97,15,1.38,BR,1705824021
302,lesnoy,57.6198,63.0784,266.13,77,100,6.75,RU,1705824021
303,lazaro cardenas,17.9583,-102.2,297.07,82,100,2.18,MX,1705823820
304,saldanha,-33.0117,17.9442,297.18,95,82,2.8,ZA,1705824022
305,bonanza,14.0289,-84.591,293.62,100,55,0.99,NI,1705824023
306,mezhdurechenskiy,59.6,65.9333,267.06,77,100,5.93,RU,1705824023
307,pisco,-13.7,-76.2167,294.18,94,0,4.63,PE,1705824024
308,santa marta,11.2408,-74.199,301.42,71,7,7.15,CO,1705823939
309,serchhip,23.3,92.8333,293.87,26,21,2.08,IN,1705824024
310,bondoukou,8.0333,-2.8,299.49,26,0,0.41,CI,1705824025
311,griffith,41.5284,-87.4237,258.09,84,0,2.57,US,1705824025
312,caleta de carquin,-11.0925,-77.6267,294.54,90,100,3.95,PE,1705824026
313,simpang,-1.2667,104.0833,303.66,60,97,2.72,ID,1705823931
314,mirny,62.5353,113.9611,253.28,76,100,5.81,RU,1705823933
315,prince rupert,54.3161,-130.3201,276.98,100,100,2.06,CA,1705824027
316,phalodi,27.1333,72.3667,295.46,17,3,1.31,IN,1705824027
317,vilyuchinsk,52.9306,158.4028,268.3,77,33,2.75,RU,1705823796
318,sidareja,-7.4846,108.7923,304.93,61,63,3.81,ID,1705824028
319,aykhal,66.0,111.5,257.5,92,100,8.21,RU,1705824028
320,quellon,-43.1167,-73.6167,283.93,94,14,3.86,CL,1705823939
321,basco,20.4487,121.9702,296.28,82,100,14.33,PH,1705824029
322,amahai,-3.3333,128.9167,299.9,85,100,1.9,ID,1705824029
323,arkhangel'sk,64.5401,40.5433,254.21,78,75,1.0,RU,1705823965
324,dunay,42.8803,132.3375,263.4,74,56,7.84,RU,1705824030
325,dunedin,-45.8742,170.5036,289.71,78,100,4.02,NZ,1705823628
326,sisimiut,66.9395,-53.6735,253.87,86,30,7.28,GL,1705823971
327,tocopilla,-22.092,-70.1979,293.15,84,100,0.42,CL,1705824031
328,palikir - national government center,6.9248,158.1611,299.07,91,100,12.38,FM,1705824032
329,new norfolk,-42.7826,147.0587,288.87,71,100,1.73,AU,1705823776
330,seoni,22.0833,79.5333,296.5,24,100,2.62,IN,1705824032
331,santa elena de uairen,4.6167,-61.1333,291.1,97,20,1.97,VE,1705824033
332,homestead meadows south,31.811,-106.1643,282.58,31,100,2.87,US,1705824033
333,aqaba,29.5267,35.0078,291.07,42,100,2.06,JO,1705824033
334,kyren,51.6828,102.1408,263.12,69,83,0.45,RU,1705824034
335,susuman,62.7833,148.1667,241.91,100,94,1.45,RU,1705823926
336,ko pha ngan,9.7578,100.0291,302.53,72,9,0.67,TH,1705824034
337,bouarfa,32.53,-1.95,278.36,77,100,2.86,MA,1705824035
338,esperanza,19.5847,-70.9849,294.98,94,6,1.41,DO,1705824035
339,fauske,67.2588,15.3918,271.73,71,98,5.62,NO,1705824036
340,trancas,-26.2314,-65.2803,295.54,84,100,1.27,AR,1705824036
341,alakurtti,66.9672,30.3491,245.85,100,100,0.68,RU,1705824036
342,orosi,36.5449,-119.2873,286.92,95,75,2.06,US,1705824007
343,solin,43.55,16.5,280.77,17,0,8.75,HR,1705824038
344,daru,-9.0763,143.2092,300.86,88,100,1.5,PG,1705824038
345,kingscliff,-28.2667,153.5667,303.58,79,51,6.17,AU,1705824039
346,la puebla de montalban,39.863,-4.3592,276.55,83,50,0.18,ES,1705824039
347,novoagansk,61.9449,76.6625,266.38,80,96,7.42,RU,1705824039
348,khuzdar,27.7384,66.6434,288.67,16,94,2.05,PK,1705824040
349,urzhar,47.093,81.6294,269.5,76,54,0.4,KZ,1705824040
350,revda,56.801,59.9303,269.77,77,97,3.78,RU,1705823961
351,moanda,-1.5575,13.2178,301.28,63,6,0.97,GA,1705824041
352,ocean shores,46.9737,-124.1563,280.53,95,100,5.66,US,1705823766
353,caucete,-31.6518,-68.2811,298.31,51,11,2.53,AR,1705824042
354,san rafael,-34.6177,-68.3301,293.7,65,24,2.73,AR,1705823891
355,wuchang,44.9143,127.15,256.5,96,100,3.01,CN,1705824042
356,usogorsk,63.4106,48.6872,248.52,100,100,1.45,RU,1705824043
357,verkhniye kigi,55.4083,58.6044,268.15,81,82,2.43,RU,1705824043
358,ares,-6.1944,-35.1603,299.2,87,17,1.97,BR,1705824043
359,haiku-pauwela,20.9219,-156.3051,297.06,88,40,1.54,US,1705823787
360,marsabit,2.3284,37.9899,300.95,19,75,7.94,KE,1705824044
361,harstad,68.799,16.5293,268.81,57,100,8.94,NO,1705824045
362,armacao de buzios,-22.7469,-41.8817,299.18,97,100,2.32,BR,1705824045
363,caluula,11.9661,50.7569,298.48,70,41,7.99,SO,1705824046
364,patti,31.2808,74.8572,294.77,15,0,3.71,IN,1705824046
365,sirinhaem,-8.5908,-35.1161,297.21,84,2,1.51,BR,1705824047
366,kamensk-ural'skiy,56.4185,61.9329,267.55,76,100,9.03,RU,1705824048
367,siwa oasis,29.2041,25.5195,294.13,19,6,5.46,EG,1705824049
368,jodhpur,26.2867,73.03,295.88,20,0,1.14,IN,1705824049
369,robertsport,6.7533,-11.3686,299.18,82,5,1.01,LR,1705824050
370,tanout,14.9709,8.8879,293.12,13,0,5.31,NE,1705824050
371,alofi,-19.0595,-169.9187,298.09,94,100,1.54,NU,1705823887
372,ca mau,9.1769,105.15,306.54,37,30,5.15,VN,1705824051
373,tokar,18.4254,37.729,297.61,70,100,5.89,SD,1705824051
374,mandera,3.9366,41.867,305.46,30,29,8.95,KE,1705824052
375,sitka,57.0531,-135.33,274.09,80,75,0.0,US,1705823869
376,la sarre,48.8002,-79.1996,248.06,100,67,1.76,CA,1705823982
377,mansa,29.9833,75.3833,294.73,16,31,3.48,IN,1705824053
378,spearfish,44.4908,-103.8594,279.64,59,0,0.0,US,1705824053
379,porto novo,6.4965,2.6036,299.05,75,8,1.17,BJ,1705823835
380,ryotsu-minato,38.0833,138.4333,282.72,84,100,2.27,JP,1705824054
381,la gi,10.6667,107.7833,303.26,43,100,6.09,VN,1705824054
382,namibe,-15.1961,12.1522,296.74,70,30,2.66,AO,1705823909
383,port blair,11.6667,92.75,303.17,51,20,5.66,IN,1705824055
384,bonthe,7.5264,-12.505,298.25,86,74,1.2,SL,1705824055
385,barretos,-20.5572,-48.5678,293.84,94,100,1.1,BR,1705823939
386,hue,16.4667,107.6,300.21,61,20,6.69,VN,1705824056
387,taltal,-25.4,-70.4833,292.43,84,92,0.66,CL,1705823843
388,uniao da vitoria,-26.23,-51.0864,290.15,100,39,0.38,BR,1705824057
389,ostrovskoye,57.8057,42.2433,252.75,100,100,3.06,RU,1705824058
390,ormara,25.2088,64.6357,296.29,55,43,3.45,PK,1705824058
391,kone,-21.0595,164.8658,300.91,78,100,1.77,NC,1705823974
392,umluj,25.0213,37.2685,300.69,29,0,1.24,SA,1705824059
393,swakopmund,-22.6833,14.5333,293.14,81,43,2.68,NA,1705824059
394,maymana,35.9214,64.7836,286.09,27,33,1.67,AF,1705824059
395,sarriguren,42.8106,-1.5927,270.94,100,0,1.54,ES,1705824060
396,yaring,6.8662,101.3689,299.91,78,94,6.02,TH,1705824061
397,miramichi,47.0043,-65.4654,266.3,94,100,3.49,CA,1705824062
398,pesqueira,-8.3578,-36.6964,293.83,92,3,1.89,BR,1705823850
399,lebu,-37.6167,-73.65,286.18,89,5,8.28,CL,1705823794
400,nova sintra,14.8667,-24.7167,293.5,65,75,7.29,CV,1705823789
401,grand falls-windsor,48.9332,-55.6649,266.21,91,90,1.15,CA,1705824063
402,kolwezi,-10.7148,25.4667,292.28,85,88,1.6,CD,1705824063
403,fort portal,0.6617,30.2748,300.28,25,60,2.67,UG,1705824064
404,ta`u,-14.2336,-169.5144,301.98,74,100,2.67,AS,1705823915
405,itoman,26.1247,127.6694,294.58,70,75,10.29,JP,1705824065
406,magadan,59.5667,150.8,251.22,100,100,3.3,RU,1705824065
407,toliara,-23.35,43.6667,305.9,53,33,3.18,MG,1705824065
408,cidreira,-30.1811,-50.2056,294.81,82,57,5.59,BR,1705823979
409,turabah,21.2141,41.6331,295.73,34,0,5.93,SA,1705824066
410,zhangjiakou shi xuanhua qu,40.6103,115.0447,259.95,55,92,7.43,CN,1705823873
411,port macquarie,-31.4333,152.9167,301.98,74,27,3.18,AU,1705824067
412,suances,43.4334,-4.0434,284.25,42,40,4.63,ES,1705824067
413,meraux,29.933,-89.9498,274.82,52,0,5.66,US,1705824068
414,luderitz,-26.6481,15.1594,294.78,72,10,3.72,NA,1705823878
415,vallenar,-28.5708,-70.7581,292.29,67,0,0.68,CL,1705823905
416,port augusta,-32.5,137.7667,299.43,43,0,10.37,AU,1705823881
417,petauke,-14.2426,31.3253,294.64,77,100,3.21,ZM,1705824069
418,matthew town,20.95,-73.6667,297.77,81,1,4.22,BS,1705824069
419,sergeyevka,53.88,67.4158,262.66,85,100,4.99,KZ,1705824070
420,choibalsan,48.0667,114.5,250.15,91,25,3.2,MN,1705824070
421,ancud,-41.8697,-73.8203,282.83,82,0,1.62,CL,1705824070
422,port moresby,-9.4431,147.1797,304.83,58,75,5.14,PG,1705824071
423,las heras,-46.5419,-68.9359,288.0,43,74,3.57,AR,1705824071
424,la paz,-16.5,-68.15,282.36,89,75,3.6,BO,1705824004
425,bohuslav,49.5494,30.8744,271.73,84,97,5.63,UA,1705824072
426,sirnak,37.5228,42.4594,280.27,77,100,3.23,TR,1705824045
427,panevezys,55.7333,24.35,267.08,91,97,3.07,LT,1705824073
428,saudarkrokur,65.7461,-19.6394,268.26,95,100,1.4,IS,1705824073
429,ugoofaaru,5.6667,73.0,301.13,78,8,7.82,MV,1705823956
430,cavalaire-sur-mer,43.174,6.5272,278.81,60,14,2.68,FR,1705824074
431,ndikinimeki,4.7667,10.8333,298.44,58,15,0.91,CM,1705824074
432,flin flon,54.7682,-101.865,254.11,100,100,1.39,CA,1705823851
433,buala,-8.145,159.5921,299.78,86,100,0.85,SB,1705824075
434,gargalianoi,37.0667,21.6333,286.49,78,96,5.84,GR,1705824075
435,annau,37.8876,58.516,287.87,41,40,2.06,TM,1705824075
436,bilaspur,22.0833,82.15,299.82,43,53,2.52,IN,1705824076
437,ajaccio,42.0,8.9167,277.43,64,0,4.63,FR,1705823898
438,san ignacio de velasco,-16.3667,-60.95,295.57,91,94,1.9,BO,1705824076
439,jutai,-5.1833,-68.9,296.03,99,100,1.12,BR,1705824077
440,champerico,14.3,-91.9167,298.71,71,100,2.22,GT,1705824077
441,xining,36.6167,101.7667,266.25,42,29,2.44,CN,1705824077
442,xunchang,28.4543,104.715,280.59,88,100,2.83,CN,1705824078
443,dakhla,23.6848,-15.958,289.16,77,0,14.4,EH,1705823853
444,marechal deodoro,-9.7103,-35.895,298.82,79,1,3.76,BR,1705824078
445,keflavik,64.0049,-22.5624,273.39,93,40,1.54,IS,1705823793
446,kasongo-lunda,-6.4667,16.8167,300.61,63,7,1.19,CD,1705823832
447,mahibadhoo,3.7833,72.9667,300.89,79,6,4.33,MV,1705824079
448,yamada,39.4667,141.95,275.89,99,100,8.46,JP,1705823907
449,bumba,2.1833,22.4667,303.89,24,48,1.76,CD,1705824080
450,buldana,20.5333,76.1833,297.47,26,62,3.43,IN,1705824081
451,bikenibeu village,1.3673,173.1241,303.13,84,75,2.57,KI,1705823840
452,khandyga,62.6667,135.6,234.67,98,100,0.9,RU,1705823855
453,natal,-5.795,-35.2094,299.27,89,20,1.54,BR,1705823979
454,hithadhoo,-0.6,73.0833,301.41,72,23,4.94,MV,1705823848
455,northam,51.0333,-4.2167,285.18,91,100,10.11,GB,1705823834
456,tadine,-21.55,167.8833,300.01,78,100,2.3,NC,1705824083
457,la malbaie,47.6575,-70.1559,264.45,89,97,2.53,CA,1705824084
458,zaoyang,32.1272,112.7542,277.9,47,100,7.28,CN,1705824084
459,am timan,11.0297,20.2827,298.43,11,29,3.67,TD,1705824084
460,wladyslawowo,54.7909,18.4009,274.9,91,100,6.86,PL,1705824085
461,dumai,1.6833,101.45,301.53,78,84,2.19,ID,1705824085
462,ibiza,38.9088,1.433,283.6,83,0,1.03,ES,1705824086
463,argo,37.6333,22.7333,283.03,82,100,6.2,GR,1705823899
464,saint-philippe,-21.3585,55.7679,302.92,86,89,3.03,RE,1705824086
465,batamshinskiy,50.5594,58.2747,265.51,80,100,8.14,KZ,1705824087
466,khash,28.2211,61.2158,287.16,26,100,2.33,IR,1705824087
467,awjilah,29.1081,21.2869,290.9,73,1,9.3,LY,1705824088
468,zdvinsk,54.7021,78.661,257.75,85,5,1.8,RU,1705824088
469,nabire,-3.3667,135.4833,301.03,84,87,1.91,ID,1705823849
470,constantia,44.1833,28.65,269.53,75,5,4.79,RO,1705823646
471,bela,25.9333,81.9833,293.49,31,30,3.5,IN,1705824089
472,general conesa,-40.1,-64.4333,297.3,24,0,5.09,AR,1705824089
473,coari,-4.085,-63.1414,296.98,97,100,0.32,BR,1705824040
474,tromso,69.6496,18.957,264.16,86,0,1.03,NO,1705823975
475,trail,49.0998,-117.7022,277.0,99,100,0.66,CA,1705824090
476,karratha,-20.7377,116.8463,304.28,61,82,5.2,AU,1705823884
477,fortuna,40.5982,-124.1573,285.74,94,100,8.75,US,1705824091
478,remire-montjoly,4.9167,-52.2667,300.17,83,100,1.54,GF,1705823901
479,sao jose da coroa grande,-8.8978,-35.1478,298.95,79,1,3.75,BR,1705824092
480,rikaze,29.25,88.8833,275.47,13,35,1.77,CN,1705824092
481,esquel,-42.9,-71.3167,282.51,88,0,1.44,AR,1705824085
482,pontotoc,34.2479,-88.9987,263.93,91,6,2.54,US,1705824093
483,le morne-rouge,14.7667,-61.1333,294.91,76,5,6.62,MQ,1705824093
484,sola,-13.8833,167.55,301.74,73,100,2.13,VU,1705824094
485,moree,-29.4667,149.85,311.09,24,40,2.6,AU,1705824094
486,port saint john's,-31.6229,29.5448,299.76,61,0,6.61,ZA,1705823942
487,valdivia,-39.8142,-73.2459,286.2,85,0,1.42,CL,1705824095
488,churapcha,62.0025,132.4325,230.93,100,90,1.13,RU,1705824095
489,piacabucu,-10.4056,-36.4344,298.61,81,13,4.33,BR,1705824096
490,kudahuvadhoo,2.6708,72.8944,301.04,75,15,5.19,MV,1705823863
491,fabens,31.5023,-106.1586,283.47,32,100,5.56,US,1705824096
492,bandar-e anzali,37.4727,49.4622,291.21,54,0,1.9,IR,1705824097
493,washington,47.5001,-120.5015,275.02,98,100,0.03,US,1705824019
494,kormilovka,55.0026,74.1028,258.05,82,57,3.34,RU,1705824097
495,portland,45.5234,-122.6762,279.38,91,100,7.72,US,1705823312
496,tralee,52.2704,-9.7026,283.64,87,100,10.39,IE,1705823798
497,samitah,16.596,42.9444,301.42,58,97,2.86,SA,1705824098
498,eydhafushi,5.1033,73.0708,301.03,79,7,7.7,MV,1705824099
499,hassleholm,56.1591,13.7664,274.03,80,100,4.26,SE,1705824099
500,talcahuano,-36.7167,-73.1167,285.97,88,0,3.09,CL,1705823716
501,sheridan,44.8333,-106.9173,279.43,80,20,0.0,US,1705823892
502,sosnovoborsk,56.1325,93.3589,261.62,84,95,0.24,RU,1705824100
503,madang,-5.2246,145.7966,301.16,86,100,1.84,PG,1705824101
504,tarauaca,-8.1614,-70.7656,295.54,99,99,0.55,BR,1705824101
505,puerto san jose,13.9256,-90.8244,297.49,66,99,2.19,GT,1705824101
506,beloyarskiy,63.7119,66.6722,267.59,90,100,4.92,RU,1705824102
507,kailua-kona,19.6406,-155.9956,297.13,91,100,4.12,US,1705823928
508,monahans,31.5943,-102.8926,273.66,43,95,7.71,US,1705824010
509,pacasmayo,-7.4006,-79.5714,295.91,84,98,4.45,PE,1705824103
510,zabol,32.25,67.25,280.65,31,0,1.99,AF,1705824103
511,chernyshevskiy,63.0128,112.4714,253.86,90,100,4.44,RU,1705824103
512,khilok,51.3674,110.4676,255.45,84,100,1.48,RU,1705824104
513,novodvinsk,64.4165,40.8122,254.01,97,75,1.29,RU,1705823790
514,sanctuary point,-35.1114,150.629,302.45,48,0,6.2,AU,1705824104
515,pangody,65.85,74.4859,266.39,96,100,4.23,RU,1705824105
516,kalmunai,7.4167,81.8167,301.22,71,51,5.33,LK,1705824105
517,island harbour,50.724,-1.2758,284.19,93,100,4.47,GB,1705824105
518,cromer,52.9312,1.2989,280.75,93,100,8.94,GB,1705824106
519,altai,46.3722,96.2583,256.5,72,66,0.99,MN,1705824106
520,chittur,10.7,76.75,304.9,49,100,5.56,IN,1705824106
521,freetown,8.484,-13.2299,298.7,83,13,1.02,SL,1705823900
522,tangzhai,34.4328,116.5911,276.0,33,94,6.9,CN,1705824107
523,cadale,2.7603,46.3222,301.95,60,27,12.0,SO,1705824107
524,altamira,-3.2033,-52.2064,295.64,99,99,1.27,BR,1705823955
525,viedma,-40.8135,-62.9967,297.19,25,76,5.3,AR,1705824030
526,shaowu,27.3409,117.4831,281.64,82,100,1.7,CN,1705824108
527,zakynthos,37.7914,20.8953,286.28,67,75,3.09,GR,1705824109
528,roma,43.2128,-75.4557,261.94,75,0,5.14,US,1705824109
529,salahonda,2.1019,-78.7217,298.71,91,38,2.81,CO,1705824110
530,twin falls,42.3505,-114.6445,280.34,53,100,1.54,US,1705823852
531,muisne,0.6,-80.0333,297.97,93,97,0.26,EC,1705824110
532,benjamin aceval,-24.9667,-57.5667,299.04,78,3,2.33,PY,1705824111
533,mount pearl,47.5166,-52.7813,270.22,94,100,3.6,CA,1705823809
534,mmabatho,-25.85,25.6333,297.13,46,0,4.12,ZA,1705824112
535,namsos,64.4662,11.4957,274.18,68,75,7.72,NO,1705824112
536,yeniseysk,58.4497,92.1703,255.9,92,100,1.34,RU,1705823871
537,kismayo,-0.3582,42.5454,302.38,64,37,9.94,SO,1705823879
538,ambodifotatra,-16.9833,49.85,299.02,87,100,8.58,MG,1705824113
539,west fargo,46.875,-96.9004,260.15,71,0,11.32,US,1705824112
540,makinsk,52.6292,70.4169,261.03,88,29,3.74,KZ,1705824114
541,salalah,17.0151,54.0924,301.68,22,6,5.88,OM,1705823905
542,miyaly,48.8844,53.7836,273.37,84,27,7.87,KZ,1705824114
543,isangel,-19.55,169.2667,301.68,77,66,1.56,VU,1705824115
544,tikapur,28.5,81.1333,294.65,22,0,2.61,NP,1705824115
545,aginskoye,51.1,114.53,253.4,81,21,3.25,RU,1705824115
546,naze,28.3667,129.4833,290.66,70,56,5.42,JP,1705823683
547,sungai penuh,-2.0833,101.3833,296.1,86,99,1.95,ID,1705824116
548,puerto armuelles,8.2833,-82.8667,299.87,62,11,1.34,PA,1705824116
549,aqadyr,48.2553,72.8483,262.76,87,6,2.32,KZ,1705824117
550,sastre,-31.7676,-61.8289,290.14,54,94,3.48,AR,1705824117
551,knoxville,35.9606,-83.9207,261.99,81,0,0.0,US,1705824007
552,nizhneudinsk,54.9076,99.0276,262.42,90,25,0.96,RU,1705823777
553,jackson,42.4165,-122.8345,282.51,88,100,0.32,US,1705824062
554,pico truncado,-46.7949,-67.9573,286.83,51,8,5.39,AR,1705824118
555,adrar,20.5022,-10.0711,292.32,13,26,4.27,MR,1705824118
556,ola,59.5833,151.2833,251.56,97,100,3.66,RU,1705823811
557,okha,53.5739,142.9478,243.01,93,12,1.49,RU,1705824119
558,doaba,33.4244,70.7364,290.12,18,0,2.16,PK,1705824120
559,thurso,58.5927,-3.5259,277.29,82,5,6.38,GB,1705824120
560,urumqi,43.801,87.6005,259.68,67,20,2.0,CN,1705824006
561,coquimbo,-29.9533,-71.3436,290.0,88,100,2.57,CL,1705823866
562,changling,44.2653,124.0005,255.11,87,100,5.28,CN,1705824121
563,quelimane,-17.8786,36.8883,300.12,83,75,4.63,MZ,1705824121
564,akureyri,65.6835,-18.0878,273.11,80,40,4.63,IS,1705823854
565,zaporizhia,47.8167,35.1833,271.95,66,93,3.88,UA,1705824122
566,antigonish,45.6169,-61.9986,272.49,96,100,4.93,CA,1705824122
567,puerto ayacucho,5.6639,-67.6236,299.83,67,65,1.23,VE,1705824122
568,songea,-10.6833,35.65,292.1,98,100,1.82,TZ,1705823916
569,sinjar,36.3209,41.8754,285.06,74,100,3.62,IQ,1705824124
570,saint-francois,46.4154,3.9054,271.84,93,100,3.09,FR,1705824124
571,laguna,38.421,-121.4238,285.24,94,100,4.12,US,1705824124
572,krasnozerskoye,53.9828,79.2374,259.08,81,7,0.68,RU,1705824125
573,benghazi,32.1167,20.0667,289.34,77,100,11.41,LY,1705824024
574,shiguai,40.7058,110.2856,257.9,59,100,6.88,CN,1705824125
575,pingliang,35.5392,106.6861,266.57,32,100,7.24,CN,1705824126
576,north bend,43.4065,-124.2243,284.18,93,100,4.63,US,1705823903
577,razole,16.4833,81.8333,302.15,50,0,3.59,IN,1705824126
578,portage la prairie,49.9728,-98.2926,261.42,54,81,5.21,CA,1705824058
579,riosucio,5.4216,-75.7032,290.93,93,64,0.46,CO,1705824127
580,dongola,19.1667,30.4833,296.85,15,0,3.54,SD,1705824127
581,ust'-kalmanka,52.1207,83.305,260.01,84,5,2.4,RU,1705824128
582,patacamaya,-17.2333,-67.9167,281.49,82,100,2.9,BO,1705824128
583,paranagua,-25.52,-48.5092,295.86,96,90,1.89,BR,1705824128
584,dhari,21.3333,71.0167,299.45,21,17,5.17,IN,1705824129
585,kaffrine,14.1059,-15.5508,293.15,68,85,2.95,SN,1705824129
586,luena,-11.7833,19.9167,293.25,88,40,1.54,AO,1705824129
587,eldorado,-23.7869,-54.2836,295.29,94,54,1.43,BR,1705824130
588,naracoorte,-36.9579,140.7383,296.02,36,4,7.36,AU,1705824130
589,pudasjarvi,65.3833,26.9167,262.74,95,100,4.02,FI,1705824130
590,el granada,37.5027,-122.4694,286.38,91,100,4.12,US,1705824131
591,sovetskaya gavan',48.9723,140.2878,255.99,80,100,2.8,RU,1705824131
